2457
15493	389	0
26160	382	2
13145	382	2
26488	382	2
19523	389	0
32044	44015	4
20126	382	2
19985	392	0
17083	389	0
17004	382	2
14910	380	2
27007	389	0
18876	14399	2
13601	377	0
18403	400	0
23671	392	0
24793	389	0
22209	392	0
17251	380	2
21560	377	0
21369	400	0
22330	382	2
23508	382	2
20252	368	2
12640	382	2
16016	498	2
14633	388	0
12458	403	0
17894	382	2
15394	389	0
20452	392	0
14940	388	0
13903	400	0
27462	382	2
24118	400	0
22567	400	0
23010	403	0
21095	382	2
12199	393	0
32172	43994	4
24357	363	2
24071	396	2
1663	1714	15
27136	403	0
16657	381	2
20029	382	2
24445	389	0
15089	382	2
19303	18890	2
25744	382	2
16089	380	2
12231	382	2
27239	368	2
12914	396	2
15837	396	2
21908	389	0
24136	389	0
22499	389	0
25238	468	2
15530	539	2
24127	382	2
23565	389	0
41	400	0
23020	501	2
13633	382	2
25156	389	0
22644	392	0
31446	43994	4
22913	382	2
107	1652	15
19796	389	0
21476	381	2
20311	388	0
30775	43994	4
11994	393	0
31404	44015	4
18961	388	0
22643	382	2
21594	392	0
1669	47	15
16221	389	0
18527	382	2
21152	396	2
25907	501	2
14837	376	0
11490	185	2
16873	389	0
24145	415	2
32007	44014	4
17794	388	0
22348	382	2
12759	697	0
17806	382	2
26524	12363	2
27454	389	0
18628	396	2
15350	368	2
19455	382	2
19027	389	0
17148	382	2
13660	382	2
25141	382	2
24813	388	0
15556	382	2
39	400	0
21431	415	2
26335	389	0
24961	539	2
11590	377	0
21581	382	2
35	415	2
14566	697	0
19651	387	2
26886	392	0
15987	388	0
25164	498	2
12425	498	2
19570	15070	2
19739	382	2
16990	403	0
26653	403	0
407	382	2
24693	388	0
18154	397	0
16430	697	0
14887	381	2
16746	403	0
24080	396	2
19495	501	2
18773	382	2
20887	382	2
22936	389	0
30074	44002	4
21892	389	0
26333	748	2
22551	377	0
16325	388	0
23503	376	0
26929	377	0
16765	382	2
25756	400	0
26294	382	2
18067	697	0
12412	382	2
13050	415	2
30880	44008	4
15680	400	0
13850	393	0
20012	396	2
12448	389	0
19939	377	0
13110	382	2
14652	382	2
31320	43994	4
14875	392	0
17689	185	2
1057	44012	4
15021	389	0
23658	479	2
27378	415	2
24935	389	0
15938	389	0
15538	403	0
20112	392	0
15305	382	2
13059	382	2
16715	382	2
17849	388	0
20285	400	0
13926	387	2
13363	382	2
23179	415	2
26571	403	0
27005	444	2
26053	382	2
21831	392	0
13597	403	0
16345	380	2
614	382	2
503	482	2
12063	11379	2
17518	368	2
21946	389	0
100	1624	15
616	377	0
22712	396	2
22028	387	2
22247	389	0
18381	400	0
17820	12654	0
14680	382	2
20916	389	0
18801	392	0
26612	382	2
23721	382	2
20992	539	2
24217	382	2
18138	403	0
22877	377	0
23878	389	0
20570	381	2
14899	376	0
26842	382	2
13455	498	2
21083	388	0
32125	44015	4
31710	44007	4
24383	382	2
24777	539	2
23777	501	2
18939	501	2
32144	43954	4
14958	415	2
12194	377	0
13524	389	0
680	376	0
31067	43994	4
22105	388	0
19887	377	0
19184	389	0
14578	388	0
21841	415	2
20636	396	2
17010	389	0
18025	392	0
12678	392	0
18807	18808	2
27379	389	0
16310	415	2
14103	382	2
14881	389	0
19622	12066	2
18236	392	0
17463	382	2
1110	43994	4
26253	400	0
14864	382	2
18983	382	2
27081	400	0
22897	501	2
20423	501	2
13995	389	0
11967	382	2
26645	382	2
25356	400	0
25877	392	0
21732	389	0
12858	468	2
22750	448	2
13911	392	0
27341	501	2
26011	382	2
12459	382	2
18350	377	0
19755	388	0
17926	697	0
26174	377	0
26342	388	0
27309	376	0
24111	539	2
13399	389	0
13781	388	0
25311	389	0
14037	697	0
12800	388	0
18974	382	2
23768	382	2
31146	44007	4
27364	389	0
16057	382	2
25418	403	0
13282	380	2
14686	498	2
24837	392	0
19228	388	0
26262	382	2
21846	388	0
23949	382	2
27360	377	0
25959	382	2
14241	415	2
22920	382	2
23040	415	2
26058	389	0
17208	382	2
23670	400	0
12310	547	2
23318	400	0
21480	382	2
16751	392	0
15089	376	0
15401	403	0
26942	393	0
31790	43961	4
17866	400	0
31814	44015	4
11991	389	0
22076	748	2
11423	392	0
22380	389	0
17749	377	0
19485	382	2
24869	400	0
19820	501	2
23367	382	2
12461	498	2
16274	14399	2
26399	382	2
18238	468	2
25183	382	2
1047	44011	4
16798	387	2
26593	388	0
25837	382	2
12974	382	2
22728	403	0
18101	382	2
25593	382	2
13533	468	2
21682	539	2
14343	376	0
18079	388	0
32256	43960	4
23722	389	0
25622	377	0
25117	382	2
25610	415	2
18048	396	2
24443	368	2
25517	389	0
31595	43965	4
21120	400	0
31865	43958	4
12484	388	0
13054	382	2
22046	382	2
31531	44014	4
24674	382	2
17943	11541	2
23654	377	0
14834	388	0
14550	389	0
23389	382	2
19312	403	0
19069	403	0
26963	403	0
17435	11464	2
18079	382	2
23017	377	0
15326	382	2
19066	377	0
24565	389	0
24960	400	0
13298	392	0
22703	415	2
21293	388	0
23181	363	2
31977	44002	4
15537	400	0
15757	444	2
77	403	0
18943	11572	2
14839	382	2
25560	382	2
23288	382	2
21436	396	2
14638	392	0
21527	403	0
26015	368	2
23656	403	0
13205	360	2
23604	382	2
20890	482	2
18765	403	0
20261	382	2
16960	389	0
11902	185	2
19074	376	0
20611	403	0
24335	376	0
20454	376	0
21637	389	0
25743	382	2
25070	368	2
22727	13339	2
22091	377	0
31448	44009	4
22813	382	2
14772	377	0
17743	539	2
25822	382	2
20080	539	2
22291	388	0
21595	392	0
15420	388	0
22146	392	0
25587	403	0
14986	382	2
24186	389	0
18450	388	0
24903	368	2
17374	382	2
24418	403	0
12902	377	0
20035	392	0
17751	403	0
25063	382	2
12451	382	2
31047	43832	4
31436	43994	4
19820	389	0
16615	382	2
14690	382	2
16337	380	2
15693	382	2
17900	397	0
25348	363	2
21316	377	0
16307	389	0
27336	382	2
19272	368	2
15538	382	2
26472	482	2
21536	382	2
14695	392	0
20222	382	2
11552	382	2
22850	382	2
19989	389	0
260	389	0
23006	368	2
21083	482	2
25330	389	0
13225	382	2
23884	382	2
23835	389	0
11493	382	2
14812	377	0
20862	400	0
14115	479	2
18744	382	2
19334	392	0
13591	382	2
18487	697	0
12410	396	2
18111	382	2
21732	501	2
24718	389	0
13877	382	2
18065	697	0
21085	387	2
18603	498	2
26328	392	0
14756	382	2
989	1407	4
21365	403	0
22111	539	2
11672	185	2
18283	392	0
20634	382	2
14559	387	2
26274	382	2
11437	377	0
17932	400	0
24229	389	0
17910	377	0
11670	382	2
762	539	2
24963	382	2
22878	382	2
12277	389	0
24517	389	0
14062	400	0
21726	501	2
18176	388	0
14474	382	2
13169	400	0
20282	396	2
23674	382	2
26884	377	0
14927	415	2
23771	389	0
17431	11464	2
31320	44015	4
27132	403	0
31643	44007	4
13311	547	2
14229	13570	2
16393	380	2
19737	382	2
26757	368	2
15719	539	2
24446	382	2
19284	389	0
15501	392	0
23578	400	0
20714	389	0
27241	400	0
23644	400	0
13719	377	0
25332	392	0
18839	382	2
13801	388	0
22545	12512	2
21706	389	0
11921	380	2
13678	482	2
24835	389	0
26605	392	0
21328	382	2
26985	382	2
27259	389	0
98	1652	15
18498	382	2
18930	382	2
20497	382	2
19665	403	0
19128	392	0
20153	382	2
19423	11674	2
19487	377	0
23473	415	2
20953	389	0
26015	389	0
1060	43941	4
22644	382	2
21705	415	2
30800	44015	4
11746	185	2
15139	382	2
26255	382	2
18549	498	2
27175	389	0
20833	389	0
18201	382	2
19737	403	0
11780	185	2
22305	389	0
25326	482	2
21915	392	0
18702	382	2
20968	392	0
19982	377	0
26442	382	2
21429	382	2
13395	388	0
12876	382	2
11599	389	0
21978	388	0
22952	389	0
18241	400	0
24219	389	0
26620	382	2
15000	382	2
27341	392	0
24144	388	0
608	377	0
22375	415	2
26673	403	0
26535	388	0
20370	400	0
22118	377	0
24844	368	2
20296	393	0
22062	415	2
17907	397	0
23434	389	0
14215	704	2
27307	444	2
20556	382	2
22430	396	2
23811	368	2
26009	382	2
19367	381	2
14699	382	2
23738	415	2
26584	382	2
23219	415	2
18140	536	2
23303	389	0
18325	397	0
16755	388	0
20073	382	2
17163	368	2
12976	382	2
25045	389	0
13166	444	2
13167	415	2
16957	406	2
22419	396	2
19534	382	2
27068	406	2
21573	400	0
24191	382	2
510	389	0
25837	381	2
13213	382	2
25734	388	0
11965	380	2
31986	44014	4
20808	377	0
15723	498	2
14970	396	2
15427	472	2
23516	392	0
17698	380	2
19991	392	0
13891	377	0
19548	393	0
24092	368	2
15405	382	2
19160	382	2
24676	14897	2
18617	397	0
17689	368	2
17879	397	0
1060	44001	4
23671	415	2
32117	44001	4
13356	403	0
21660	400	0
18301	697	0
15678	382	2
25301	704	2
14393	403	0
19296	11564	2
19240	393	0
19425	400	0
24447	376	0
1978	400	0
25215	444	2
14741	382	2
18180	498	2
25036	382	2
22978	400	0
13588	377	0
15636	389	0
12679	501	2
31404	44013	4
20751	377	0
20072	382	2
26550	448	2
19887	12435	2
18091	388	0
19210	382	2
25399	382	2
12861	396	2
15740	396	2
32046	44013	4
20622	382	2
14343	382	2
16937	396	2
14029	389	0
25648	382	2
15883	382	2
14083	392	0
20952	400	0
1666	1652	15
23819	388	0
21705	382	2
17137	389	0
449	444	2
19197	11564	2
22363	388	0
641	382	2
23720	415	2
18334	536	2
22272	389	0
22524	388	0
26837	377	0
21783	392	0
16792	389	0
17360	382	2
25211	396	2
31770	44008	4
16800	185	2
22525	389	0
24123	382	2
15042	389	0
31637	43965	4
31970	43994	4
22747	393	0
20895	388	0
24504	389	0
19236	415	2
26366	539	2
23684	482	2
23334	403	0
18520	377	0
23579	382	2
20407	400	0
26935	382	2
22198	403	0
24281	377	0
22322	382	2
22411	14897	2
17586	380	2
21855	396	2
11624	382	2
18443	397	0
26855	11564	2
14618	501	2
31609	44002	4
22069	400	0
19651	388	0
19726	389	0
22781	393	0
27043	382	2
18431	382	2
16361	382	2
22897	382	2
23671	389	0
16334	400	0
23444	400	0
16048	400	0
18588	382	2
22079	403	0
16646	185	2
23715	536	2
18820	388	0
19416	382	2
13056	415	2
23267	482	2
26458	400	0
21511	382	2
23785	387	2
20151	377	0
20656	382	2
21544	382	2
15513	482	2
16009	377	0
26173	392	0
26874	400	0
17876	498	2
22188	388	0
23983	479	2
26335	382	2
26265	389	0
19705	377	0
12682	388	0
22139	403	0
22647	377	0
26739	539	2
23536	382	2
25623	389	0
20611	382	2
20666	388	0
15465	389	0
22834	382	2
22925	400	0
15755	400	0
15645	382	2
12919	396	2
15059	392	0
23881	403	0
18998	376	0
14286	397	0
15531	748	2
15822	415	2
23277	400	0
25845	388	0
12907	392	0
1091	44002	4
14097	382	2
31108	43993	4
25310	382	2
24852	377	0
25344	389	0
11843	382	2
23130	415	2
25655	415	2
11456	482	2
14675	697	0
21196	382	2
15322	403	0
21923	382	2
26065	389	0
23629	400	0
17348	482	2
32116	1407	4
16486	387	2
16414	509	2
27276	377	0
24075	415	2
18346	377	0
15480	403	0
24319	389	0
22487	388	0
19928	389	0
25377	382	2
31094	44007	4
14198	403	0
24378	388	0
24926	501	2
21301	392	0
23176	376	0
26024	388	0
24165	382	2
24716	392	0
21432	415	2
16691	382	2
18082	382	2
20373	382	2
18380	382	2
17333	382	2
25261	392	0
26585	382	2
17586	415	2
18449	403	0
31530	44002	4
26301	389	0
22464	396	2
23456	400	0
13116	12093	2
24031	382	2
27047	382	2
17307	186	2
27335	400	0
17566	12057	2
18490	403	0
21876	377	0
12732	697	0
20129	389	0
22979	388	0
22946	415	2
13609	498	2
13618	377	0
21572	388	0
11585	389	0
18270	377	0
25807	444	2
15102	382	2
25986	381	2
18053	382	2
20771	389	0
20791	382	2
20534	392	0
18328	382	2
14935	415	2
15285	377	0
26562	389	0
13818	382	2
21456	368	2
23277	382	2
12878	12568	2
18078	382	2
21869	382	2
31110	44002	4
23500	501	2
15588	444	2
13684	388	0
25241	539	2
18327	382	2
16184	382	2
25828	11506	2
16118	389	0
16745	403	0
15839	389	0
31074	44007	4
18013	382	2
26170	382	2
17515	415	2
26018	389	0
15370	382	2
16039	380	2
24351	382	2
15912	382	2
13613	382	2
24072	389	0
23102	392	0
25800	388	0
22011	388	0
26502	392	0
17215	536	2
26399	389	0
16973	377	0
12836	382	2
23285	501	2
24737	388	0
21606	382	2
18783	400	0
16571	389	0
32118	43961	4
27277	389	0
17132	392	0
466	376	0
20223	389	0
19426	389	0
32119	44002	4
19327	388	0
24101	396	2
21988	400	0
22794	382	2
17134	403	0
18158	382	2
18405	377	0
24483	393	0
24094	382	2
12175	388	0
26028	389	0
16362	382	2
24646	382	2
22013	415	2
23994	377	0
17027	392	0
21452	382	2
24894	704	2
20371	389	0
17484	415	2
20725	382	2
16313	382	2
612	382	2
25124	389	0
26229	389	0
15823	382	2
12876	389	0
20912	468	2
26279	376	0
12369	400	0
19437	382	2
25997	376	0
26451	389	0
20054	389	0
14644	387	2
714	388	0
15150	368	2
21121	389	0
17427	382	2
26659	382	2
20327	388	0
26993	377	0
22175	389	0
19371	389	0
13844	12057	2
11969	380	2
14097	392	0
14924	392	0
31543	44014	4
26841	382	2
12420	382	2
15857	393	0
16554	382	2
19219	392	0
19562	403	0
17027	501	2
14752	400	0
12199	388	0
11631	382	2
23479	539	2
24593	382	2
14204	382	2
25196	389	0
18384	382	2
22470	392	0
26753	392	0
23192	501	2
13388	397	0
21564	377	0
20355	388	0
15484	382	2
12598	396	2
23580	376	0
24478	389	0
17045	388	0
26735	400	0
20979	400	0
27428	501	2
18115	18012	2
24040	389	0
15810	377	0
31593	44002	4
24736	396	2
16550	388	0
13098	403	0
31578	44012	4
13884	388	0
24583	501	2
20162	392	0
1640	1618	15
20918	415	2
13300	400	0
11994	11996	2
12711	368	2
24772	403	0
18360	388	0
26685	393	0
17900	396	2
15291	482	2
19881	403	0
12149	11379	2
24874	377	0
11882	185	2
13686	377	0
26786	539	2
21744	400	0
24312	377	0
12394	392	0
18167	392	0
26674	382	2
16963	389	0
23753	403	0
32201	44007	4
27131	403	0
16026	388	0
13360	397	0
24962	415	2
13390	377	0
26234	400	0
12175	501	2
22614	403	0
14240	554	2
13262	382	2
454	396	2
21280	382	2
13656	400	0
12632	400	0
16049	363	2
17027	382	2
16895	13034	2
18006	697	0
12806	382	2
18212	11603	2
21732	388	0
19655	389	0
15618	377	0
22219	501	2
32107	44001	4
25439	388	0
22219	403	0
18733	389	0
19962	389	0
26166	400	0
23603	403	0
24828	389	0
13751	388	0
16045	382	2
13353	400	0
12833	400	0
13993	382	2
13904	392	0
15136	403	0
18947	400	0
15297	403	0
21871	389	0
26589	382	2
27300	393	0
15111	415	2
24883	403	0
17201	382	2
12532	387	2
20496	382	2
26220	403	0
17842	697	0
17919	403	0
18898	392	0
17239	392	0
23815	392	0
31484	44002	4
16093	400	0
20748	396	2
18575	388	0
13367	396	2
12285	392	0
18581	647	2
13901	389	0
15511	382	2
19967	382	2
20593	388	0
17608	382	2
20843	382	2
20323	501	2
25894	403	0
17065	11379	2
25380	382	2
19403	11564	2
493	389	0
11961	380	2
24996	403	0
26696	382	2
27211	392	0
23136	393	0
15849	697	0
12859	382	2
22174	415	2
15472	381	2
23766	382	2
25224	415	2
1643	1649	15
21376	415	2
24238	368	2
1147	44013	4
25539	376	0
15873	400	0
24832	400	0
16330	403	0
21185	387	2
11633	444	2
22834	388	0
14676	382	2
12231	482	2
16691	397	0
25689	389	0
21878	382	2
12821	482	2
17517	382	2
16507	363	2
12368	377	0
18493	382	2
15542	377	0
13512	472	2
14504	388	0
24127	387	2
13814	400	0
14712	400	0
13142	377	0
23594	389	0
16957	389	0
22542	400	0
23045	400	0
25522	368	2
19329	11572	2
23291	382	2
13366	392	0
12540	400	0
19220	382	2
22905	554	2
25034	382	2
15588	382	2
18961	406	2
23753	12057	2
11520	382	2
16408	382	2
11860	554	2
17990	403	0
31203	43947	4
13618	482	2
12745	517	2
26911	11564	2
25220	539	2
12518	697	0
15685	406	2
31834	44002	4
15656	377	0
14575	389	0
18842	388	0
22004	403	0
19853	501	2
23208	400	0
12935	382	2
15299	415	2
14016	389	0
15631	392	0
1736	377	0
18199	382	2
18418	376	0
22872	388	0
23406	363	2
24500	368	2
18025	396	2
13678	382	2
15888	539	2
16122	185	2
18710	392	0
17206	403	0
22104	389	0
14490	403	0
12239	392	0
624	382	2
18356	397	0
27390	400	0
21121	12066	2
12039	377	0
30875	44013	4
22990	388	0
14457	389	0
24118	13339	2
441	397	0
20757	415	2
31163	43994	4
19835	382	2
20272	403	0
14837	396	2
19875	377	0
11841	447	2
17703	382	2
23454	389	0
12207	400	0
11811	382	2
26587	400	0
24906	415	2
19177	389	0
22967	382	2
23858	382	2
15278	392	0
12242	406	2
27442	389	0
14910	382	2
13726	382	2
12094	382	2
14525	400	0
27239	403	0
13280	444	2
19183	382	2
15879	382	2
20748	389	0
22571	388	0
17760	392	0
17681	185	2
19510	389	0
14719	382	2
22523	382	2
16850	389	0
13875	447	2
12449	389	0
12703	382	2
21889	377	0
13490	482	2
30880	43994	4
18391	388	0
24454	554	2
20047	400	0
14906	389	0
17093	389	0
15575	382	2
17930	377	0
21676	501	2
23913	403	0
20374	389	0
20770	377	0
23401	382	2
13854	389	0
18898	389	0
20384	382	2
26753	382	2
18317	403	0
18777	382	2
12028	396	2
23930	392	0
20565	382	2
22855	389	0
18854	377	0
24365	389	0
12993	396	2
26485	382	2
23240	382	2
18171	697	0
115	1618	15
762	382	2
22565	403	0
27087	389	0
18459	697	0
25223	389	0
27413	389	0
20876	13570	2
22044	539	2
23607	377	0
12874	400	0
18393	498	2
22974	382	2
14275	501	2
24142	389	0
16034	382	2
22880	392	0
16271	444	2
19542	382	2
16616	382	2
21008	382	2
21857	400	0
15868	415	2
14102	415	2
15058	415	2
11495	382	2
18908	389	0
14725	389	0
26487	387	2
27450	389	0
20419	388	0
13647	382	2
21122	382	2
20128	389	0
22411	403	0
21870	377	0
19002	13755	2
18280	12568	2
12204	389	0
16541	382	2
24608	388	0
14511	382	2
14487	389	0
19622	389	0
18099	396	2
22521	388	0
25788	403	0
19079	400	0
26869	377	0
13490	392	0
24309	377	0
13810	389	0
23339	382	2
15490	389	0
24340	389	0
11742	382	2
16695	403	0
22482	377	0
14521	382	2
14367	403	0
16106	388	0
19766	415	2
32066	44000	4
17260	448	2
16361	392	0
23953	389	0
25237	501	2
19208	388	0
31177	43947	4
14738	382	2
12115	389	0
25143	368	2
18028	697	0
20049	377	0
24447	382	2
24925	382	2
31929	44009	4
19878	389	0
22054	376	0
17810	697	0
18233	377	0
14373	382	2
27114	382	2
27133	400	0
24455	403	0
22915	392	0
19490	12435	2
20699	392	0
21450	389	0
25694	501	2
14032	539	2
32257	44008	4
23685	539	2
12115	403	0
31836	44013	4
21141	382	2
31079	44007	4
22460	389	0
20935	396	2
19408	376	0
15278	539	2
19874	382	2
16416	382	2
31315	44014	4
12753	403	0
18794	382	2
21696	382	2
18381	547	2
22702	400	0
20902	415	2
23870	415	2
31852	44002	4
13837	382	2
32120	43961	4
21344	392	0
21193	389	0
14078	377	0
13351	388	0
13882	382	2
20111	382	2
22153	382	2
12305	382	2
11722	387	2
22242	389	0
27246	376	0
22556	377	0
12486	11464	2
21659	382	2
12543	396	2
14924	415	2
23439	368	2
32254	43959	4
18869	389	0
20384	387	2
18797	392	0
14769	377	0
22495	382	2
13366	400	0
26067	382	2
13053	11593	2
26559	382	2
12246	393	0
12295	392	0
15069	382	2
24082	382	2
13648	468	2
18649	377	0
31789	44008	4
27268	400	0
24300	13570	2
17002	387	2
24792	382	2
18040	382	2
19747	389	0
13106	388	0
20538	389	0
20791	389	0
12219	382	2
25138	509	2
24913	382	2
21810	377	0
13869	400	0
21854	392	0
22618	501	2
20800	376	0
22477	387	2
21789	377	0
24041	376	0
26981	389	0
1728	387	2
14906	377	0
16722	389	0
19158	382	2
23565	382	2
12464	482	2
16860	415	2
14411	376	0
17979	376	0
13465	403	0
14884	415	2
22777	388	0
31522	43994	4
15340	400	0
15178	381	2
22308	392	0
26792	389	0
21196	381	2
24029	382	2
15022	377	0
20812	388	0
17946	697	0
15831	377	0
19812	501	2
20074	388	0
1973	389	0
27247	400	0
13226	382	2
14856	389	0
21022	12096	2
25822	389	0
19324	389	0
15730	392	0
20664	377	0
18299	377	0
26897	387	2
17946	382	2
12084	400	0
20972	748	2
26089	377	0
17951	697	0
15957	400	0
20809	388	0
13712	388	0
17578	382	2
12837	498	2
14161	403	0
16115	415	2
23593	501	2
22839	501	2
19915	382	2
18494	697	0
14374	392	0
21368	392	0
20091	382	2
25301	389	0
18868	382	2
13309	400	0
20777	382	2
22437	382	2
26538	389	0
19313	13721	2
32120	44002	4
15002	382	2
13941	382	2
24051	377	0
22854	389	0
17847	382	2
19413	382	2
23779	388	0
13964	389	0
13162	377	0
16444	382	2
18739	382	2
20616	382	2
13962	389	0
18448	382	2
21702	382	2
13434	400	0
17796	382	2
13438	400	0
40	415	2
19041	400	0
16558	12363	2
23197	382	2
16938	392	0
23427	377	0
14184	415	2
12617	389	0
18240	388	0
19171	382	2
21791	382	2
24196	382	2
21956	11674	2
14022	501	2
12610	382	2
19650	389	0
31048	44008	4
18607	388	0
23139	15070	2
22560	387	2
17148	403	0
18860	415	2
1649	1615	4
1084	43994	4
21519	389	0
26972	393	0
1648	1714	4
17644	415	2
22130	539	2
22575	415	2
18176	697	0
11902	382	2
26080	389	0
20742	376	0
14714	382	2
24361	377	0
27188	389	0
15461	381	2
18532	377	0
15046	397	0
21482	382	2
19248	11564	2
12413	400	0
24894	382	2
13392	382	2
24849	389	0
14766	382	2
19461	406	2
13644	403	0
22612	382	2
13237	697	0
24598	415	2
13219	387	2
22877	382	2
16715	396	2
13278	403	0
24355	382	2
21290	376	0
25920	388	0
16782	382	2
716	382	2
26160	389	0
19100	382	2
15013	376	0
26889	403	0
82	403	0
22700	400	0
13702	382	2
23736	389	0
21320	389	0
25273	382	2
15487	382	2
1985	387	2
13884	382	2
18321	388	0
12755	377	0
22655	403	0
19573	388	0
14753	389	0
11612	382	2
21981	382	2
23649	389	0
14282	397	0
20093	382	2
15183	389	0
13678	377	0
14525	382	2
12250	501	2
13685	400	0
24150	415	2
16630	382	2
17844	377	0
18368	403	0
18088	382	2
16100	392	0
16118	403	0
32091	44013	4
26549	377	0
19596	388	0
19245	377	0
27082	368	2
15429	382	2
26384	396	2
14125	479	2
19474	509	2
27374	382	2
23608	381	2
25454	12057	2
20296	382	2
22852	406	2
18396	697	0
14255	377	0
24291	388	0
26938	389	0
15896	382	2
14333	382	2
11476	396	2
31923	44015	4
31974	43994	4
17177	387	2
1055	44002	4
23518	389	0
12872	388	0
22368	389	0
20622	403	0
25962	388	0
19296	388	0
16089	382	2
16556	12363	2
13002	403	0
26388	415	2
27462	387	2
24943	389	0
17576	380	2
18931	11564	2
21092	415	2
20652	381	2
20828	382	2
18649	697	0
12983	397	0
23605	368	2
18699	403	0
17915	697	0
24659	392	0
19112	392	0
20476	539	2
16940	382	2
24679	400	0
15423	382	2
26617	389	0
16217	645	2
12162	377	0
13826	12057	2
12671	382	2
22485	382	2
13136	382	2
26104	382	2
25403	11379	2
13504	547	2
22879	382	2
19866	382	2
18469	697	0
18334	697	0
15496	382	2
18832	382	2
11906	415	2
20553	382	2
22946	389	0
17000	389	0
15222	11506	2
20639	400	0
14225	382	2
26920	392	0
31036	43832	4
19065	382	2
32190	43994	4
18978	388	0
24048	444	2
11580	472	2
79	382	2
11846	185	2
23893	382	2
12186	382	2
18002	377	0
20902	382	2
26629	392	0
12924	400	0
25352	403	0
18614	396	2
20153	403	0
21226	403	0
21358	482	2
25653	389	0
409	388	0
14687	382	2
12157	382	2
27179	382	2
26167	376	0
26709	382	2
15977	392	0
14625	482	2
23996	382	2
26185	388	0
23727	382	2
18756	388	0
16961	389	0
618	482	2
19321	501	2
22449	392	0
25593	377	0
16719	392	0
20344	382	2
18203	382	2
27306	396	2
31975	43941	4
16883	389	0
23962	382	2
21543	388	0
16055	392	0
13433	382	2
25911	382	2
32252	43994	4
20578	388	0
26767	396	2
22047	539	2
12260	392	0
20856	389	0
25696	388	0
13138	382	2
31837	44008	4
24633	389	0
18476	536	2
26579	392	0
26955	677	2
21121	382	2
16670	452	2
25217	389	0
12581	388	0
22701	382	2
20073	377	0
19568	392	0
24142	377	0
18643	377	0
22053	382	2
17572	415	2
19540	389	0
17808	382	2
24655	403	0
23189	400	0
22677	388	0
20653	396	2
17411	415	2
25121	403	0
27056	501	2
25638	382	2
26573	389	0
25996	382	2
24841	403	0
22170	415	2
19312	382	2
17209	11564	2
13340	498	2
21311	382	2
23622	382	2
22173	382	2
17928	403	0
14297	389	0
21399	415	2
22391	382	2
22835	377	0
14354	382	2
15079	397	0
20703	400	0
26782	400	0
21544	12057	2
23208	382	2
31622	44011	4
18040	376	0
1058	43960	4
19741	389	0
24922	387	2
515	382	2
22004	389	0
12580	396	2
25203	403	0
18111	403	0
18661	382	2
31933	43994	4
24300	393	0
26922	382	2
19250	403	0
16921	381	2
17392	11464	2
25619	501	2
19490	392	0
23629	377	0
25604	403	0
23022	382	2
32275	44002	4
18493	697	0
12760	392	0
27391	381	2
13518	382	2
14517	380	2
11594	382	2
19299	403	0
14095	382	2
26938	382	2
25603	396	2
1983	382	2
20953	501	2
12157	389	0
18342	396	2
25793	389	0
21352	382	2
24079	381	2
26301	368	2
17372	697	0
19373	389	0
14156	403	0
14208	400	0
23425	389	0
20834	482	2
428	185	2
22636	388	0
21067	389	0
19993	382	2
14950	403	0
24703	377	0
11880	382	2
26535	368	2
16640	452	2
27149	389	0
13308	392	0
23104	400	0
12896	396	2
20673	400	0
21654	392	0
24040	415	2
23635	376	0
21191	382	2
12510	403	0
19330	382	2
22575	400	0
15482	388	0
12638	377	0
17482	382	2
12474	389	0
21019	382	2
18412	403	0
18202	536	2
12674	415	2
23948	389	0
21770	392	0
20344	444	2
24940	388	0
16304	382	2
20643	482	2
14242	400	0
24065	403	0
31449	44002	4
25658	382	2
16721	400	0
26219	389	0
14839	387	2
12565	382	2
19990	377	0
19125	482	2
14241	377	0
15561	382	2
24093	382	2
14366	539	2
21895	12057	2
18346	382	2
20818	382	2
17025	377	0
20852	382	2
21005	403	0
557	382	2
26360	382	2
24279	382	2
25895	415	2
13962	392	0
13178	389	0
27030	382	2
23235	389	0
27055	382	2
18320	397	0
12043	382	2
20079	388	0
12393	400	0
25860	381	2
12676	382	2
24151	389	0
13515	363	2
12469	482	2
27395	382	2
26123	403	0
25346	12089	2
21390	382	2
23846	382	2
24791	501	2
22694	396	2
21920	382	2
25328	403	0
13018	381	2
18090	382	2
23867	382	2
19061	389	0
22207	501	2
1043	44013	4
11482	382	2
31675	43959	4
26642	377	0
23058	388	0
19179	377	0
21574	400	0
15545	380	2
15870	415	2
407	392	0
24772	389	0
17074	389	0
13129	400	0
19419	382	2
17612	382	2
13422	382	2
24571	392	0
26062	368	2
17361	380	2
16200	389	0
25218	403	0
16757	403	0
16918	368	2
24191	403	0
13933	377	0
20595	368	2
94	1705	15
21732	382	2
21332	392	0
15419	382	2
23839	382	2
23220	12057	2
14095	389	0
19639	389	0
17089	389	0
26176	11709	2
20640	392	0
17691	415	2
21127	400	0
12843	382	2
21367	403	0
26614	387	2
15117	388	0
16751	382	2
20263	448	2
14876	396	2
18659	389	0
12734	382	2
19186	403	0
1739	377	0
17809	498	2
27122	363	2
26812	388	0
19799	389	0
25367	389	0
25728	389	0
15566	382	2
31770	44001	4
18817	389	0
25477	403	0
22997	382	2
26309	415	2
23042	376	0
24920	501	2
15963	389	0
14928	400	0
32187	43966	4
27151	377	0
13917	501	2
19759	403	0
1077	43994	4
20115	389	0
24259	377	0
31380	43971	4
19769	382	2
31160	44002	4
16272	389	0
21506	382	2
14123	382	2
25169	377	0
14700	382	2
20397	382	2
18323	388	0
25555	382	2
16101	400	0
20979	392	0
32193	44001	4
25225	377	0
26459	382	2
24022	403	0
21149	389	0
24861	400	0
13479	377	0
20302	382	2
17811	697	0
19500	382	2
25400	389	0
18568	382	2
18618	382	2
24314	501	2
31709	44014	4
13464	388	0
14602	389	0
19275	400	0
23803	368	2
15995	539	2
22049	377	0
23054	388	0
11990	389	0
16822	382	2
25796	396	2
27021	403	0
21309	389	0
23723	392	0
21594	453	2
14161	382	2
11446	482	2
26275	381	2
23442	12107	2
11862	185	2
26104	389	0
18706	382	2
24071	389	0
31078	44001	4
24763	382	2
12972	382	2
26479	403	0
18832	389	0
25484	389	0
24266	400	0
25045	382	2
17441	382	2
13077	388	0
21465	389	0
26102	389	0
19813	389	0
17778	547	2
20866	539	2
26128	389	0
21578	389	0
22399	415	2
23852	389	0
19226	382	2
21827	482	2
27461	392	0
31991	44011	4
13643	382	2
22528	11506	2
20010	392	0
32307	43960	4
18365	403	0
20058	389	0
26989	501	2
13162	382	2
12470	400	0
24149	363	2
21541	539	2
12193	392	0
25752	382	2
16991	415	2
15039	415	2
21458	388	0
21051	388	0
26655	403	0
13080	382	2
27449	392	0
13960	697	0
20375	392	0
20448	377	0
15922	472	2
18865	382	2
16	400	0
20484	382	2
24627	415	2
23892	382	2
18362	397	0
1054	43832	4
23842	448	2
22990	382	2
23598	389	0
26941	19070	2
16921	389	0
18980	382	2
25011	368	2
17043	388	0
26558	389	0
20970	382	2
17040	697	0
593	392	0
12196	382	2
19600	389	0
11660	388	0
21990	382	2
1060	43994	4
23314	415	2
31649	44029	4
25306	377	0
13192	389	0
591	539	2
11574	11379	2
26465	382	2
21090	388	0
25785	389	0
24298	388	0
13267	382	2
13378	382	2
24269	377	0
20468	382	2
20234	392	0
12177	501	2
24101	382	2
31797	44008	4
23178	479	2
14609	382	2
730	382	2
16344	536	2
24580	415	2
21508	400	0
23253	403	0
26603	382	2
32231	43994	4
26393	382	2
12960	396	2
31586	44007	4
26326	389	0
23843	14897	2
16720	396	2
16502	382	2
14196	388	0
22062	382	2
14724	392	0
13838	382	2
1103	43941	4
11746	382	2
18825	403	0
19551	389	0
18405	396	2
23692	482	2
385	388	0
32023	43949	4
23696	368	2
24424	382	2
23948	382	2
23587	388	0
26914	382	2
19666	389	0
19534	403	0
20385	377	0
31130	44013	4
24359	388	0
16791	393	0
20385	382	2
21992	389	0
32120	1407	4
20038	382	2
27465	415	2
31929	43994	4
25096	382	2
18989	389	0
13095	382	2
14234	377	0
15352	382	2
16296	389	0
15699	389	0
19791	382	2
357	392	0
13739	382	2
27324	396	2
12463	377	0
22571	396	2
16686	389	0
24409	393	0
20434	382	2
24904	382	2
11971	380	2
23739	382	2
20622	396	2
26658	388	0
26004	382	2
25336	382	2
20986	382	2
18266	377	0
15440	388	0
23763	363	2
16125	382	2
15890	382	2
13006	388	0
21428	382	2
18221	382	2
18145	554	2
22903	388	0
13098	382	2
25189	382	2
22630	403	0
25405	415	2
20472	388	0
31468	43959	4
27052	382	2
1669	1703	15
27281	382	2
15392	403	0
14441	392	0
1638	392	0
13493	415	2
24224	482	2
18270	396	2
19042	389	0
18110	377	0
22796	392	0
17588	382	2
21011	382	2
20821	11784	2
31854	43994	4
15749	382	2
21859	382	2
17074	382	2
23829	389	0
17222	382	2
18104	554	2
18499	403	0
12335	377	0
16106	389	0
15225	400	0
15380	389	0
18899	389	0
24437	415	2
23793	382	2
27003	11564	2
23338	400	0
18640	482	2
18087	382	2
12797	363	2
19120	388	0
24862	403	0
22905	382	2
16466	380	2
17126	382	2
18718	382	2
13511	389	0
16448	377	0
24796	396	2
18064	396	2
18243	397	0
16004	382	2
15742	363	2
13740	415	2
19125	382	2
24236	482	2
27404	393	0
17007	539	2
31291	43994	4
18797	13954	2
18626	382	2
17008	539	2
12776	509	2
20695	382	2
18784	14399	2
24985	382	2
13302	403	0
14915	382	2
18059	382	2
16634	382	2
21375	368	2
12656	382	2
18308	403	0
27299	392	0
22880	382	2
23252	389	0
21452	377	0
16393	415	2
14482	382	2
31147	44013	4
11550	389	0
12147	501	2
25506	382	2
25966	382	2
22102	389	0
23504	389	0
13932	377	0
24595	382	2
23383	377	0
31539	44014	4
20045	415	2
14699	392	0
13035	415	2
23113	368	2
24629	392	0
19374	382	2
18293	697	0
27159	11379	2
17296	388	0
22603	388	0
27134	382	2
27247	444	2
12819	393	0
18994	382	2
11462	11464	2
22942	368	2
23302	382	2
23549	368	2
31176	44013	4
17338	185	2
26350	382	2
24208	444	2
13790	382	2
17224	388	0
14922	382	2
20613	400	0
24699	389	0
16798	403	0
23838	415	2
20162	448	2
14253	403	0
17568	382	2
22185	389	0
21560	389	0
26809	389	0
27141	389	0
27297	415	2
13459	382	2
18379	382	2
25464	389	0
25993	382	2
13474	400	0
19663	403	0
27178	382	2
22394	382	2
18479	697	0
22618	389	0
15858	15035	2
11940	185	2
21355	382	2
23758	388	0
26231	396	2
20628	11603	2
21587	382	2
21478	406	2
18274	377	0
16316	498	2
17381	444	2
21054	392	0
12927	382	2
24660	403	0
15991	539	2
20300	382	2
24559	403	0
19748	382	2
24396	389	0
22861	389	0
13233	392	0
21597	382	2
24915	388	0
15041	400	0
13055	400	0
18695	389	0
23502	377	0
20620	382	2
13184	403	0
21294	415	2
23515	382	2
19243	11674	2
16111	697	0
16418	396	2
14950	389	0
26298	388	0
22413	389	0
20377	389	0
22773	396	2
14833	396	2
13871	498	2
22447	382	2
12232	382	2
20131	382	2
22441	377	0
25578	415	2
16429	403	0
22768	400	0
25151	389	0
18300	396	2
25471	389	0
26607	392	0
21800	388	0
22923	388	0
12695	389	0
26827	382	2
32300	43994	4
21047	382	2
26343	381	2
14881	403	0
11980	382	2
27251	382	2
14913	389	0
16765	388	0
18992	388	0
1083	44014	4
25796	389	0
20798	539	2
27440	382	2
16287	382	2
23039	415	2
18860	382	2
27038	389	0
17321	389	0
23986	382	2
15071	12568	2
12185	382	2
26168	389	0
31639	44014	4
26430	389	0
26227	382	2
26518	392	0
31033	44038	4
14189	501	2
17900	377	0
13399	382	2
20395	382	2
22390	377	0
742	392	0
14042	403	0
32119	43994	4
24969	382	2
26299	382	2
14469	482	2
13019	382	2
17633	415	2
19055	382	2
1127	44014	4
23358	382	2
25601	382	2
16115	389	0
25021	403	0
24013	392	0
15837	382	2
19028	382	2
14891	382	2
24490	382	2
15334	368	2
26868	400	0
27422	389	0
18765	482	2
13921	382	2
24361	389	0
11486	415	2
24432	389	0
13425	377	0
18840	382	2
12165	382	2
21149	444	2
16370	400	0
1091	44015	4
15763	382	2
